fsw	= 10e3

V1		= 780
V2 	= 780

L		= 1e-3

deg	= 30
phi	= (deg/360)*(1/fsw);